[eval, clsfr, disc, l1, l2]

-----------------NO  WEIGHTING-----------------

Noise: 0%
[(1), 85, 80, 75, 1, 1] [(4), 87, 79, 68, 1, 1]
[(2), 81, 91, 96, 5, 1] [(5), 83, 77, 68, 5, 1]
[(3), 69, 72, 71, 1, 5] [(6), 67, 67, 60, 1, 5]

Noise: 5%
[(10), 81, 76, 77, 1, 1]

Noise: 10%
[(7), 72, 68, 76, 1, 1] [(8), 76, 66, 74, 1, 1]

Noise: 20%
[(9), 67, 65, 68, 1, 1]

-------------------WEIGHTING--------------------

Noise: 0%
[(11), 82, 68, 68, 1, 1]

Noise: 5%
[(16), 81, 65, 80, 1, 1]

Noise: 10%
[(17), 61, 67, 76, 1, 1]

---------------------BINARY---------------------

Noise: 0%
[(12), 83, 78, 78, 1, 1] [96]

Noise: 5%
[(13), 82, 75, 73, 1, 1] [78]

Noise: 10%
[(14), 78, 71, 76, 1, 1] [72]

Noise: 20%
[(15), 82, 68, 76, 1, 1] [65]

Noise: 25%
[(18), 81, 63, 76, 1, 1] [61]